,std,mean,Russell 1000,Russell 2000,BAML US Corporate Master,BAML US High Yield,MSCI EAFE,MSCI EM
0,0.06139373043513478,0.022530088869630406,1.6697458801403935e-05,2.147199527193662e-05,0.9824285909753053,3.624701098910239e-06,0.01752685723233672,2.7576371857223223e-06
1,0.061393718129618205,0.022530092197230858,1.6536557492954774e-05,2.1285918228419244e-05,0.9824286205511936,3.5767645955116445e-06,0.017527255309258808,2.7248992306608677e-06
2,0.06139370297623351,0.022530096595393893,1.6338382493708905e-05,2.1055727033520054e-05,0.9824286529470365,3.51863694717949e-06,0.0175277498166316,2.6844898573789763e-06
3,0.06139368388628209,0.022530102623584562,1.6088563280089248e-05,2.0764149629845206e-05,0.9824286874151655,3.4465921376771845e-06,0.01752837971658062,2.6335632062670494e-06
4,0.06139365910585148,0.022530111177921842,1.576389313865936e-05,2.0383120758154122e-05,0.9824287228697476,3.3546992436065405e-06,0.017529207823028015,2.5675940840481326e-06
5,0.06139362561605133,0.022530123726080948,1.532432200074265e-05,1.9863853724706373e-05,0.9824287584925392,3.2328879741530802e-06,0.01753034153000982,2.4789137512892695e-06
6,0.061393577763837776,0.02253014269827874,1.4694622935270841e-05,1.9113939070021334e-05,0.9824287969991888,3.062603162830939e-06,0.01753197840942226,2.353426220800449e-06
7,0.061393503719004705,0.022530171985318363,1.371676852109088e-05,1.7937370902132867e-05,0.9824288597177914,2.805791563492487e-06,0.017534518065964174,2.162285257682399e-06
8,0.06139342189231205,0.022530353901480997,1.2635186986703592e-05,1.6633635924241957e-05,0.982427045083066,2.5226632898131628e-06,0.01753921165936791,1.9517713652631883e-06
9,0.06139339109693642,0.022531224002220872,1.2229043215536185e-05,1.61680668400066e-05,0.9824162566928197,2.404181517698261e-06,0.017551074553229237,1.867462377791607e-06
10,0.061392506020902626,0.022527985121963846,1.1303601206895842e-07,1.501442536137579e-07,0.982462598703769,2.2205127759796852e-08,0.017537098637193046,1.7273644533702578e-08
11,0.06139251077756641,0.022535852579945278,1.1190483410726123e-07,1.30414851023035e-07,0.982363437452637,5.658326073254538e-08,0.017636233108881592,3.053553551221286e-08
12,0.061535147129194834,0.02424244336763184,3.510410671344069e-07,4.533935349409488e-07,0.9608545456831618,1.6779869840345659e-07,0.03914439735794728,8.472559043695275e-08
13,0.06206635711628632,0.02626269169459002,4.4035142630045337e-07,5.92755754796531e-07,0.9353925978040042,1.795113471784526e-07,0.06460610890336496,8.067410262343033e-08
14,0.06298078572328175,0.02828286405976256,2.0834560493348357e-06,2.8776393735767555e-06,0.9099307949463095,6.420864830690074e-07,0.09006333349556325,2.6837622143068706e-07
15,0.06426197144440741,0.03030304154827211,3.5860115675158958e-06,4.931180138501819e-06,0.8844690506732684,8.262439988866305e-07,0.11552129915117317,3.067398535125756e-07
16,0.06588859310481814,0.032323244896668914,5.252177579089494e-06,7.841430732841266e-06,0.8590066160008196,1.5442571246557685e-06,0.1409782566446766,4.894890672390642e-07
17,0.0678358553930989,0.03434344316993504,1.2274434351790634e-05,1.8304169354674466e-05,0.8335417019372668,2.4826517954960124e-06,0.1664245428317707,6.939754604851529e-07
18,0.07007762339738187,0.03636364884075255,7.416414952015788e-05,0.00010365202408640406,0.8080505756837046,7.597070558506103e-06,0.19176224445935716,1.7666127732277824e-06
19,0.07258426683369275,0.03838383870669093,8.557390407002563e-06,9.109159477583156e-06,0.7826223197701765,2.751620611608732e-07,0.2173596981270997,4.039077807551595e-08
20,0.07533261812113588,0.040404047499365256,0.0010361101302696829,0.000423687737737136,0.7568887478626108,3.1380669296004213e-06,0.24164762196335002,6.942391025858925e-07
21,0.07828136495396039,0.04242424855501627,0.012619148178601781,0.0021654033780433455,0.7289276994639026,2.75758071391702e-05,0.2562556972676466,4.4759046664870715e-06
22,0.08138906154683107,0.04444445058442634,0.026487116111046004,0.005050974556394101,0.7003095380067205,8.188645826487568e-05,0.26805767202346964,1.2812844104940417e-05
23,0.08463750198280125,0.04646465682536941,0.03969070580141803,0.007731857180596144,0.6709505103822564,0.002522731858291094,0.2787513760865254,0.000352818690913029
24,0.08798947356958889,0.048484857768140155,0.05301370410460384,0.002289097483156893,0.6370240659849551,0.021221383400927524,0.2834107973078341,0.0030409517185226442
25,0.0914110675775841,0.050505063117198004,0.0642905397568349,0.001113094792114638,0.6050610298573812,0.03694480728175942,0.28460866158156806,0.007981866730341755
26,0.09489486508178749,0.05252525879963327,0.07535364870288028,0.0004166356835566407,0.5732409483136621,0.052297353122648514,0.2857050680345806,0.012986346142671896
27,0.09843490322923672,0.05454545855395908,0.0862128120803884,0.00012778138930240424,0.5414849610274015,0.06741326716764448,0.2867712532610978,0.017989925074165393
28,0.10202552338936564,0.056565659008708635,0.09696689992105331,4.462510690141702e-05,0.5097560333835851,0.08241656304068062,0.28782839754141504,0.022987481006364444
29,0.10566151158064292,0.05858586036366384,0.10768986682474965,2.2905847114275914e-05,0.4780357530792653,0.09738541014435882,0.28888228295643037,0.027983781148081584
30,0.10933828474127155,0.060606061747776926,0.1184066727281723,1.3470933208533501e-05,0.4463173747037928,0.11234714006240121,0.2899353440544626,0.03297999751796256
31,0.11305185487704944,0.06262626333986933,0.1291213130208182,8.388771930634504e-06,0.4145997283011857,0.12730627727360136,0.29098804133452794,0.037976251297936164
32,0.11679871230367449,0.0646464652784163,0.13983462567335886,5.976149928421506e-06,0.3828825403256457,0.142263806166132,0.2920405148123579,0.04297253687257716
33,0.12057574879901528,0.06666666719583501,0.15054759689649114,4.247252094831368e-06,0.3511654517867359,0.15722094811993748,0.29309294302800626,0.04796881291673437
34,0.12438021337729986,0.0686868690290551,0.16126049291078115,2.6410114995453796e-06,0.3194483529951417,0.17217806595814894,0.29414538385593114,0.05296506326849738
35,0.12820966516642723,0.07070707087009584,0.1719732564979803,1.258946757387639e-06,0.2877312450289439,0.18713512348848504,0.2951978383287961,0.057961277709037105
36,0.13206226633734347,0.07272728338976278,0.18265474125331363,6.370984909956323e-05,0.256025835198765,0.202052959734554,0.29624343309368545,0.06295932087058236
37,0.13593532090603247,0.07474748398860764,0.1933769841317693,4.364674438690082e-05,0.22430600241478163,0.21702048903688814,0.29729718106226805,0.06795569660990596
38,0.13982736665699716,0.07676767700375026,0.20410954193588857,1.0858670372205714e-06,0.19258052744042772,0.23200398770600858,0.2983549766318809,0.07294988041875705
39,0.143737233747811,0.07878787899029008,0.21482184424838865,6.720507423513357e-07,0.160863617051591,0.24696039928010613,0.29940734551357884,0.07794612185559306
40,0.14766350595981032,0.08080809224685732,0.2255192366614876,3.338325212848155e-05,0.12915710588021592,0.2618893065240824,0.30045461404422763,0.08294635363785798
41,0.15160427790933914,0.08282828319897159,0.23624609307199207,5.767767967164225e-07,0.09743004005050113,0.2768725555942903,0.30151207766815796,0.08793865683826182
42,0.15555906320089802,0.08484848585235714,0.24695856313914458,8.019901625822898e-07,0.06571505791983191,0.29182534162458856,0.30256434571812024,0.09293588960815202
43,0.15952662099560203,0.08686868972258163,0.25767872607691583,1.1134927792454877e-06,0.03402953285260302,0.3067254853773911,0.3036164732384273,0.09794866896188345
44,0.16350605897885015,0.0888888913494114,0.26862257167073583,7.282258639663913e-07,0.0032120623582775837,0.3200754428263275,0.30467206174852696,0.10341713317026816
45,0.1675444284077683,0.09090909096298358,0.28667828684602403,1.4342095459839408e-08,1.9200225093368617e-06,0.28411942630796955,0.3058165284634261,0.12338382401797539
46,0.17169965901127549,0.09292930183504906,0.30556736654890604,3.682459164869724e-06,3.622902879687254e-05,0.24236775924158796,0.30697051912969464,0.14505444359184966
47,0.17596306453672556,0.09494950574111731,0.324440938852208,6.983779712443196e-06,1.1509900513362691e-05,0.20072169226515832,0.30812509407345073,0.16669378112895708
48,0.1803273636711894,0.09696970679402703,0.34331987005435716,8.32543860200885e-06,3.4679894546147055e-06,0.1590464635666631,0.3092798696692789,0.18834200328164438
49,0.18478546480330416,0.09898991169189275,0.362195110100067,1.650282599801803e-05,1.6234299742944912e-06,0.1173592396751962,0.31043409966022556,0.2099934243085388
50,0.18933049487624995,0.10101010157994755,0.38108880793747796,1.2848193058436084e-06,2.964057832658553e-07,0.07567448556769003,0.31158957205557225,0.23164555321417077
51,0.1939566383279603,0.1030303038031836,0.39996935829466185,3.1275976577293646e-06,6.574075926784553e-07,0.033984417202504155,0.3127440745170645,0.2532983649805191
52,0.19866287354023976,0.10505050512569936,0.40831454910469345,7.418137006597573e-08,1.4227444802123507e-08,2.0830235291754517e-05,0.3136298485343474,0.2780346837168526
53,0.20362240824678163,0.10707070838842014,0.37033039589382255,2.6350604465201446e-06,2.904026326929436e-07,6.5210443514735375e-06,0.3133331884050121,0.31632696919373465
54,0.2089059575967312,0.10909091000850057,0.33233908465541967,1.1503001012407722e-06,9.838330771129515e-08,1.1182900226225965e-06,0.31303644964975996,0.3546220987213887
55,0.21448971462887437,0.11111111178471236,0.2943400267177859,6.514924226918414e-07,4.6934029648236447e-08,3.663336156837239e-07,0.3127396723497653,0.3929192361723807
56,0.220350845624999,0.1131313143706742,0.25633888354212886,7.632700760276052e-07,5.758447667301279e-08,3.2409043321792836e-07,0.31244335075652624,0.4312166207563589
57,0.22646779515925858,0.11515151683344241,0.2183378073081192,7.941188210491439e-07,6.526647122882496e-08,2.911203391174472e-07,0.31214704430085954,0.4695139978853899
58,0.23282039607049493,0.11717171885038401,0.18033749123356813,6.883148463851941e-07,6.128287612907933e-08,2.3061695785027175e-07,0.31184997571928036,0.5078115528324711
59,0.23938988946980372,0.11919192031856624,0.14233781597112335,5.627227162335167e-07,4.551958638652574e-08,1.6431153169910702e-07,0.31155210784766496,0.5461093036273774
60,0.24615891162543074,0.12121212150401241,0.10433844581952259,4.351712935485034e-07,2.3269289581840558e-08,9.306224386518847e-08,0.3112538564184279,0.5844071462592226
61,0.25311147448249915,0.12323232345803371,0.06634238816549527,7.103102475783652e-07,2.9677379297357467e-08,1.091062786604399e-07,0.3109501684481925,0.6227065942924067
62,0.2602328226057101,0.12525252527334446,0.028341723464150526,1.2577822428866234e-08,7.46699825206469e-10,2.2353003064700153e-09,0.3106545851297086,0.6610036758463183
63,0.2675128509778506,0.12727272785304047,0.00029126214125573067,1.0348556746551723e-07,1.4870267419941825e-08,3.758666647760862e-08,0.2965546340575746,0.7031539478586682
64,0.2750032179036559,0.1292929293221618,1.783832125820474e-06,9.474986218680323e-09,7.85700504831216e-10,2.0965805795576655e-09,0.243945402656507,0.7560528011540999
65,0.2827134775283063,0.13131313509805898,3.9878763107565934e-05,9.260859227064088e-07,9.123945783100272e-08,2.3013964066582662e-07,0.1908794040961256,0.8090794696757455
66,0.290625125485898,0.13333333343201986,2.0243742686952364e-07,1.3729224496255987e-08,2.1651859570566877e-09,5.028554811649656e-09,0.13792547608287353,0.8620743005567343
67,0.29872304654755893,0.1353535364108498,3.5671661975881373e-06,7.503081454408801e-07,3.5645857530586644e-08,1.5114104539392058e-07,0.08490831433908545,0.9150871813996685
68,0.3069920319557314,0.13737373967876979,5.202843134010186e-07,1.6325838364372742e-07,2.2253755068039847e-08,4.3792953125384397e-08,0.03190252836625333,0.9680967220443415
